32 3
33 1
34 3
35 6
36 5
37 7
38 7
39 2
40 3
41 3
42 6
43 5
44 2
45 4
46 1
47 5
48 6
49 4
50 6
51 6
52 6
53 6
54 6
55 6
56 6
57 6
58 1
59 2
60 5
61 6
62 5
63 6
64 8
65 6
66 6
67 6
68 6
69 6
70 6
71 6
72 6
73 1
74 6
75 6
76 6
77 7
78 6
79 6
80 6
81 6
82 6
83 6
84 7
85 6
86 7
87 7
88 6
89 7
90 6
91 3
92 5
93 3
94 5
95 6
96 2
97 6
98 6
99 6
100 6
101 6
102 6
103 6
104 6
105 1
106 5
107 6
108 2
109 7
110 6
111 6
112 6
113 6
114 5
115 6
116 5
117 6
118 7
119 7
120 7
121 6
122 6
123 5
124 1
125 5
126 6
127 7
128 0
129 0
130 0
131 0
132 0
133 0
134 0
135 0
136 0
137 0
138 0
139 0
140 0
141 0
142 0
143 0
144 0
145 0
146 0
147 0
148 0
149 0
150 0
151 0
152 0
153 0
154 0
155 0
156 0
157 0
158 0
159 0
160 3
161 1
162 6
163 5
164 8
165 7
166 1
167 6
168 4
169 8
170 3
171 7
172 6
173 0
174 8
175 5
176 4
177 5
178 4
179 4
180 2
181 6
182 7
183 1
184 3
185 3
186 4
187 7
188 6
189 6
190 6
191 6
192 6
193 6
194 6
195 6
196 6
197 6
198 8
199 6
200 6
201 6
202 6
203 6
204 2
205 2
206 3
207 3
208 7
209 6
210 6
211 6
212 6
213 6
214 6
215 6
216 8
217 6
218 6
219 6
220 6
221 7
222 5
223 6
224 6
225 6
226 6
227 6
228 6
229 6
230 7
231 6
232 6
233 6
234 6
235 6
236 2
237 2
238 3
239 3
240 6
241 6
242 6
243 6
244 6
245 6
246 6
247 5
248 8
249 6
250 6
251 6
252 6
253 6
254 4
255 6
256 6
257 6
258 6
259 6
260 7
261 7
262 6
263 6
264 6
265 6
266 6
267 6
268 6
269 6
270 6
271 8
272 7
273 7
274 6
275 6
276 6
277 6
278 6
279 6
280 7
281 7
282 6
283 6
284 6
285 6
286 6
287 6
288 6
289 6
290 6
291 6
292 6
293 6
294 8
295 7
296 4
297 4
298 3
299 3
300 3
301 3
302 3
303 3
304 2
305 1
306 7
307 7
308 6
309 5
310 6
311 6
312 7
313 6
314 4
315 6
316 2
317 6
318 4
319 6
320 4
321 7
322 4
323 6
324 6
325 6
326 6
327 6
328 6
329 7
330 6
331 6
332 6
333 6
334 6
335 6
336 6
337 6
338 8
339 7
340 6
341 5
342 6
343 5
344 6
345 5
346 6
347 6
348 6
349 6
350 6
351 6
352 6
353 6
354 7
355 5
356 7
357 6
358 7
359 5
360 6
361 6
362 6
363 6
364 6
365 6
366 6
367 6
368 6
369 6
370 6
371 6
372 7
373 7
374 7
375 6
376 7
377 6
378 6
379 6
380 6
381 6
382 6
383 5
